$ANSIBLE_VAULT;1.1;AES256
35376134346634653361633633613739363166373131336230333932643630666366383131333764
6433343137646564633831383035633263363830383134350a633431313932393639303333303064
34313532323439386136333538323935636164666461316439333537653538666133623361663334
6534633739623933320a613037306161333538386361373736333538613664313064626162326634
39316162376438306463356362373764376465643636393966623432623463356630383365356436
63393331633437643963623634386164336663383864356437313234646166313261353232333762
37383764633631363033336634383064613234343131613263636334303331646136653738666139
38653065626662383537666136633664366633343231353964343463373338313761643663656138
36383034623166323463313965623935343664643731393936356637616131666161643236383533
32333233323665393336613735646230663962303265356335666634333732316532383539623236
63373163386664333962336362366632636664613066643037666233313533626136386634666131
39636133313364363964643837336364393436396138333765373538623735623966343232373432
66373538643731333639636661343231626238373464373762346461376136666161653636353432
61616437383833616333663032383965646439653639303066366264376565323931356161653339
36653162656637653563356166303663636437653866393732636539653736366236633133336133
65613634306439646239663737626162643066356538346134656462643937633465636366383935
31613539666432353036643831626136386533653235336462613139643637666265396164323265
63323438333539396437336165666361353662663331393838373736346461303063396532353038
39336165663332653134616632356530613930323662396236663635316138323432646634366539
32326264383030326330636362306566363366653866623861333636376261383065353033353962
39626331636164613136353665306562626432626537373631616464323665303463633631386638
30313263633935376434336236643230363461663664383239386331656338343037326439393063
38383862646261303837653538643735333139636333393264373333376338356163333733643739
36636166353835323536333732636636363933303539373765373130623131373731353961333366
33366234663438373364306635626263363664366438313833643733303334633166363264316239
31333366623666656236633739303834663562303463316563323266613765396163313631366331
32326663616435323061363066346135626364326631383132383531326363323033386161626363
65333037623130383962393038626531363061333730633862663437356433343137643536356634
65636137373264393265633537643734396334613165363936346666623764616635343436373734
62323337633330303533323162653132363065613933306166663837323730363266626466363732
64653138393835323566613662626335313537356536323662366639616666643431646432646535
66303730333033623461666164323537373533623862663064623362346263363139376437313162
34303466666662653364626366373631343466363332633964386136363935393031373633353231
32303863306131323536613534613566613736633166363165386430663538653365653932653235
38323938323237303939623138616364346136376534313732376437393961356565653364646333
38303130383132653332656661306639356664653564386332663236366436353461313539386633
39633831623161313733613934303732633634386239363838633665636633653862626130363039
30393432303936306633356663663934646436316330623930373362633036303063363236316562
64363638353133373635333636643133333838653064313865626635386433353562646661666136
65316438363439303134373661346439326538613563333666626631656466393635666564383538
34343635333230393362636430316563336230383535393866643966653830613665353137383539
37353565353861636134646233343534336438643834623765393961653534613031363833313239
38303561346336333135326439383261303433333266303831396236633037356238366262326131
35303538366630643138383566646434363436353232336231663739623633623937333535383532
66323963643831663532643262373935656162653435373235333963353231613564313237306634
39393138356463353265666634313963666435353162353866346163626633336439643831343263
35346430326539353636306161373862623263616661323039343861316532306335306136643730
64663836613330653732613063386239623033353064383037623461393732303834623565303733
66366661646238373732626335313065643530653964326163626663373361326361363833623738
64353761653935303139616562323134366535633836336530643631343464333134656536343866
30326563653434373365303162666638373866353264306636663463363933343264313232396130
36333931306666383338356132663163333139393739353031313235303534356165663036326263
61376634623061333034343866666533323937616236396437396665616534303735663766656531
61363763346563313131616439333763303361656537313265643035363039613564386264613565
32633236393633313834663363663138303237623030613766343236333631663934353061626239
38333839626234663765393232383533636638616233643135646330626333636533613461653834
30383437393466373334353633656638376332646262663632626163326438633338663964616138
32356433313432363730363135326362333962656234393261353762323234376438666530353266
626630336162313266326439343834653335
